rs547387498	rs146439891	rs117188729	rs79293855	rs114615849	rs62117487	rs117777747	rs62117488	rs111500536	rs4044528	rs146786700	rs2010871	rs35137994	rs116843064	rs2278236	rs117760119	rs149480839	rs7255436	rs10410586	rs118059146	rs117661189	rs1044250	rs2042899	rs57192995	rs2042900	rs139469000	rs8106864	rs7252574	rs79366941	rs147005365	rs1820686	rs117695622	rs62117490	rs7249520	rs7249624	rs1834953	rs4350678	rs7508123	rs4044436	rs4044435	rs149274928	rs11668346	rs12981318	rs7351098	rs62117492	rs11666233	rs11666003	rs368970058	rs62117510	rs62117512	rs28729307	rs10413136	rs62117513	rs74377788	rs7250870	rs7254882	rs28364584	rs10421495	rs3786624	rs3786623	rs116483979	rs4267458	rs754671	rs890858	rs2913973	rs2967612	rs12976739	rs2967610	rs2913972	rs7409035	rs2967608	rs2967607	rs2913969	rs10417971	rs10404380	rs10410840	rs11670118	rs11670119	rs2913968	rs2913967	rs62117518	rs74256561	rs10411072	rs10409969	rs4804074	rs58761784	rs2303180	rs2303179	rs57175554	rs72620540	rs3815783	rs1004789	rs678678	rs637922	rs635153	rs11259986	rs12610448	rs12462136	rs59319088	rs76226014	rs59034702	rs1812467	rs751180	rs4239540	rs4990821	rs4804305	rs28527176	rs28553436	rs60318332	rs2967595	rs1609712	rs2967597	rs2967598	rs2967599	rs968502	rs968501	rs968500	rs3096104	rs2967600	rs2910437	rs2967602	rs2967603	rs2910440	rs889181	rs2967571	rs889178	rs2967572	rs2910441	rs2967573	rs55652837	rs78569841	rs60891312	rs11667185	rs11671768	rs2910442	rs3111564	rs2967575	rs7175	rs2287865	rs2967578	rs1064010	rs1064009	rs1141019	rs2967580	rs2910444	rs2287864	rs2287863	rs6603086	rs6603088	rs6603089	rs2967582	rs2967583	rs2967584	rs2967585	rs2967586	rs2042301	rs2967588	rs11672671	rs111878773	rs113993071	rs112030397	rs78566755	rs78543231	rs1599869	rs112208060	rs8106081	rs111486936	rs2913922	rs1054623	rs138785496	rs113898159	rs2303687	rs2967774	rs113576178	rs11882393	rs2967591	rs2967773	rs2967592	rs2967593	rs2967594	rs1975029	rs2967772	rs2913923	rs2967771	rs2967767	rs11881473	rs28432269	rs2967776	rs2967777	rs2967778	rs3111576	rs4804311	rs2013694	rs2913925	rs2913926	rs113312019	rs73501545	rs111644945	rs143814920	rs117162033
1	0.284372	-0.0646198	-0.0634338	-0.0634338	-0.0521097	-0.0406037	-0.0338156	-0.0507409	-0.0310899	-0.0634338	-0.0707717	-0.0507409	0.23796	-0.069863	0.13678	-0.0648311	-0.0707717	-0.0707717	0.0793266	0.0793266	-0.0257107	-0.0249184	-0.0521097	-0.0707717	-0.0347532	-0.0732408	-0.0707717	0.13864	-0.0648311	-0.0355129	-0.0648311	-0.0328703	-0.0620983	-0.0620983	-0.0620983	-0.0620983	-0.0648311	-0.0707717	-0.0707717	-0.0648311	-0.0707717	-0.0707717	-0.0707717	-0.0336348	-0.0707717	-0.0707717	-0.0648311	-0.0707717	-0.0328703	-0.0707717	-0.0707717	-0.0336348	-0.0328703	-0.0707717	-0.0707717	-0.0336348	-0.0707717	-0.0707717	-0.0707717	-0.0648311	-0.0888406	0.0969732	0.098343	0.0811686	0.0811686	-0.0509666	0.0811686	0.0811686	-0.0419438	0.0811686	0.0811686	0.0824921	-0.0422739	-0.05187	0.0824921	0.0824921	0.0824921	0.0824921	0.0824921	-0.0550325	-0.0616708	-0.060167	-0.0611392	-0.0554949	-0.0542773	-0.035609	-0.0319645	-0.0344781	-0.0397948	-0.0784878	-0.0722365	-0.0743812	-0.0681591	-0.0743812	-0.0681591	-0.0866058	-0.0866058	-0.0866058	-0.0706287	-0.0692122	-0.0804224	-0.0700113	0.0426318	0.0317331	0.022132	0.0919661	0.138827	0.128988	0.10611	0.115908	0.115908	0.115908	0.117682	0.114838	0.114838	0.115908	0.115908	0.117682	0.115908	0.10871	0.114838	0.117682	0.117682	0.10871	0.115908	0.117682	0.117682	0.117682	0.114838	0.106975	0.117682	0.117682	0.117682	0.117682	0.116602	0.117682	0.116602	0.117682	0.117682	0.117682	0.117682	0.117682	0.117682	0.127613	0.117682	0.117682	0.117682	0.117682	0.117682	0.11985	0.11985	0.11985	0.117682	0.117682	0.117682	0.117682	0.117682	0.117682	0.117682	0.117682	0.118764	0.118764	0.117682	0.127554	0.117682	0.117682	0.118764	0.124058	0.120148	0.119134	0.158951	0.155295	0.165214	0.155041	0.154085	0.165214	0.161339	0.165214	0.166564	0.151323	0.165214	0.151323	0.151323	0.165214	0.151323	0.163871	0.159727	0.148223	0.148223	0.153316	0.18784	0.154724	0.124437	0.124437	0.122563	0.0874779	0.231886	0.230444	0.0936956
0.284372	1	-0.00320264	-0.000134055	-0.000134055	-0.00404884	-0.0017242	0.133322	-0.00277053	0.107185	-0.000134055	-0.0525912	-0.00277053	0.495377	-0.0518958	0.383907	-0.0017242	-0.0525912	-0.0525912	0.305923	0.305923	0.102032	0.103124	-0.00404884	-0.0525912	0.13267	-0.0544868	-0.0525912	0.386297	-0.0017242	0.131357	-0.0017242	0.129585	-0.0530887	-0.0530887	-0.0530887	-0.0530887	-0.0017242	-0.0525912	-0.0525912	-0.0017242	-0.0525912	-0.0525912	-0.0525912	0.128347	-0.0525912	-0.0525912	-0.0017242	-0.0525912	0.129585	-0.0525912	-0.0525912	0.128347	0.129585	-0.0525912	-0.0525912	0.128347	-0.0525912	-0.0525912	-0.0525912	-0.0017242	-0.0520922	-0.117185	-0.117018	-0.115177	-0.115177	0.103914	-0.115177	-0.115177	0.133658	-0.115177	-0.115177	-0.115012	0.118885	0.103422	-0.115012	-0.115012	-0.115012	-0.115012	-0.115012	0.149557	0.142212	0.153732	0.153107	0.150364	0.150213	0.161595	0.164862	0.161374	0.156181	0.123144	0.15618	0.14807	0.155651	0.14807	0.155651	0.129435	0.129435	0.129435	0.158294	0.12961	0.136434	0.159795	0.16795	0.168614	0.186311	0.227443	0.271441	0.276538	0.155196	0.152407	0.152407	0.152407	0.154189	0.151547	0.151547	0.152407	0.152407	0.154189	0.152407	0.156886	0.151547	0.154189	0.154189	0.156886	0.152407	0.154189	0.154189	0.154189	0.151547	0.155061	0.154189	0.154189	0.154189	0.154189	0.15332	0.154189	0.15332	0.154189	0.154189	0.154189	0.154189	0.154189	0.154189	0.152407	0.154189	0.154189	0.154189	0.154189	0.154189	0.155937	0.155937	0.155937	0.154189	0.154189	0.154189	0.154189	0.154189	0.154189	0.154189	0.154189	0.155061	0.155061	0.154189	0.0906188	0.154189	0.154189	0.155061	0.149872	0.129788	0.138859	0.128559	0.125731	0.135732	0.135291	0.124796	0.135732	0.140222	0.135732	0.136781	0.132382	0.135732	0.132382	0.132382	0.135732	0.132382	0.134687	0.13152	0.122529	0.122529	0.110462	0.138498	0.111532	0.0868707	0.0868707	0.0872	0.0590446	0.118794	0.11777	0.212422
-0.0646198	-0.00320264	1	0.976303	0.976303	0.764343	0.963784	-0.0735036	0.770911	-0.10247	0.976303	-0.194042	0.770911	-0.0085103	-0.192909	-0.0122654	0.963784	-0.194042	-0.194042	-0.00708717	-0.00708717	-0.107015	-0.106513	0.764343	-0.194042	-0.0744929	-0.196727	-0.194042	-0.0273321	0.963784	-0.0751051	0.963784	-0.0831081	-0.194446	-0.194446	-0.194446	-0.194446	0.963784	-0.194042	-0.194042	0.963784	-0.194042	-0.194042	-0.194042	-0.083695	-0.194042	-0.194042	0.963784	-0.194042	-0.0831081	-0.194042	-0.194042	-0.083695	-0.0831081	-0.194042	-0.194042	-0.083695	-0.194042	-0.194042	-0.194042	0.963784	-0.193639	-0.114684	-0.114259	-0.122416	-0.122416	0.265031	-0.122416	-0.122416	-0.0914922	-0.122416	-0.122416	-0.122035	-0.101246	0.264542	-0.122035	-0.122035	-0.122035	-0.122035	-0.122035	-0.0942009	-0.101471	-0.078921	-0.0799396	0.0554246	0.0560519	-0.087257	-0.0836005	-0.0857934	-0.0910142	0.157392	-0.0576471	0.161086	0.17079	0.161086	0.17079	0.146686	0.146686	0.146686	-0.0559074	0.272983	0.155813	-0.0551831	-0.000359575	0.000694696	-0.0273534	0.0165829	-0.00221255	0.000223922	-0.00598179	0.00599226	0.00599226	0.00599226	-0.00486826	0.00495125	0.00495125	0.00599226	0.00599226	-0.00486826	0.00599226	-0.00279896	0.00495125	-0.00486826	-0.00486826	-0.00279896	0.00599226	-0.00486826	-0.00486826	-0.00486826	-0.00690818	-0.00382579	-0.00486826	-0.00486826	-0.00486826	-0.00486826	-0.00590949	-0.00486826	-0.00590949	-0.00486826	-0.00486826	-0.00486826	-0.00486826	-0.00486826	-0.00486826	-0.0058743	-0.00486826	-0.00486826	-0.00486826	-0.00486826	-0.00486826	-0.00278203	-0.00278203	-0.00278203	-0.00486826	-0.00486826	-0.00486826	-0.00486826	-0.00486826	-0.00486826	-0.00486826	-0.00486826	-0.00382579	-0.00382579	-0.00486826	0.0143594	-0.00486826	-0.00486826	-0.00382579	-0.0100627	-0.0573556	-0.050321	-0.071806	-0.0749214	-0.0614507	-0.0644998	-0.075958	-0.0614507	-0.0592424	-0.0614507	-0.0736237	-0.067638	-0.074677	-0.067638	-0.067638	-0.074677	-0.067638	-0.0757286	-0.0672731	-0.0622186	-0.0622186	-0.0677506	-0.0445178	-0.0666615	-0.0800969	-0.0800969	-0.0622186	0.118943	-0.00739924	-0.00854578	-0.0676398
-0.0634338	-0.000134055	0.976303	1	1	0.784404	0.987231	-0.086432	0.791096	-0.115042	1	-0.194724	0.791096	-0.0055498	-0.19359	-0.0403481	0.987231	-0.194724	-0.194724	-0.0282746	-0.0282746	-0.119458	-0.119006	0.784404	-0.194724	-0.0874258	-0.197406	-0.194724	-0.0390485	0.987231	-0.0879777	0.987231	-0.0952884	-0.195125	-0.195125	-0.195125	-0.195125	0.987231	-0.194724	-0.194724	0.987231	-0.194724	-0.194724	-0.194724	-0.095823	-0.194724	-0.194724	0.987231	-0.194724	-0.0952884	-0.194724	-0.194724	-0.095823	-0.0952884	-0.194724	-0.194724	-0.095823	-0.194724	-0.194724	-0.194724	0.987231	-0.194323	-0.118177	-0.117768	-0.126473	-0.126473	0.263795	-0.126473	-0.126473	-0.103405	-0.126473	-0.126473	-0.126112	-0.111803	0.263305	-0.126112	-0.126112	-0.126112	-0.126112	-0.126112	-0.107251	-0.113465	-0.0914904	-0.0925155	0.0502263	0.0508818	-0.0997601	-0.0961388	-0.0982255	-0.103367	0.15772	-0.0693704	0.160904	0.170598	0.160904	0.170598	0.147021	0.147021	0.147021	-0.0676816	0.280036	0.156143	-0.0670152	-0.0101092	-0.00904935	-0.0359402	0.0142774	-0.00882706	-0.00647309	-0.00884886	0.00372775	0.00372775	0.00372775	-0.00770363	0.00268928	0.00268928	0.00372775	0.00372775	-0.00770363	0.00372775	-0.00565761	0.00268928	-0.00770363	-0.00770363	-0.00565761	0.00372775	-0.00770363	-0.00770363	-0.00770363	-0.00972088	-0.00666413	-0.00770363	-0.00770363	-0.00770363	-0.00770363	-0.00874191	-0.00770363	-0.00874191	-0.00770363	-0.00770363	-0.00770363	-0.00770363	-0.00770363	-0.00770363	-0.00868987	-0.00770363	-0.00770363	-0.00770363	-0.00770363	-0.00770363	-0.00562339	-0.00562339	-0.00562339	-0.00770363	-0.00770363	-0.00770363	-0.00770363	-0.00770363	-0.00770363	-0.00770363	-0.00770363	-0.00666413	-0.00666413	-0.00770363	0.0104094	-0.00770363	-0.00770363	-0.00666413	-0.0128838	-0.0622689	-0.0553537	-0.0789688	-0.0820599	-0.0695599	-0.0717234	-0.0830887	-0.0695599	-0.0665132	-0.0695599	-0.0823606	-0.0748349	-0.0834003	-0.0748349	-0.0748349	-0.0834003	-0.0748349	-0.0844385	-0.0753802	-0.0695729	-0.0695729	-0.0767953	-0.0554784	-0.0757224	-0.0871974	-0.0871974	-0.0695729	0.122728	-0.0130609	-0.0141981	-0.0675635
-0.0634338	-0.000134055	0.976303	1	1	0.784404	0.987231	-0.086432	0.791096	-0.115042	1	-0.194724	0.791096	-0.0055498	-0.19359	-0.0403481	0.987231	-0.194724	-0.194724	-0.0282746	-0.0282746	-0.119458	-0.119006	0.784404	-0.194724	-0.0874258	-0.197406	-0.194724	-0.0390485	0.987231	-0.0879777	0.987231	-0.0952884	-0.195125	-0.195125	-0.195125	-0.195125	0.987231	-0.194724	-0.194724	0.987231	-0.194724	-0.194724	-0.194724	-0.095823	-0.194724	-0.194724	0.987231	-0.194724	-0.0952884	-0.194724	-0.194724	-0.095823	-0.0952884	-0.194724	-0.194724	-0.095823	-0.194724	-0.194724	-0.194724	0.987231	-0.194323	-0.118177	-0.117768	-0.126473	-0.126473	0.263795	-0.126473	-0.126473	-0.103405	-0.126473	-0.126473	-0.126112	-0.111803	0.263305	-0.126112	-0.126112	-0.126112	-0.126112	-0.126112	-0.107251	-0.113465	-0.0914904	-0.0925155	0.0502263	0.0508818	-0.0997601	-0.0961388	-0.0982255	-0.103367	0.15772	-0.0693704	0.160904	0.170598	0.160904	0.170598	0.147021	0.147021	0.147021	-0.0676816	0.280036	0.156143	-0.0670152	-0.0101092	-0.00904935	-0.0359402	0.0142774	-0.00882706	-0.00647309	-0.00884886	0.00372775	0.00372775	0.00372775	-0.00770363	0.00268928	0.00268928	0.00372775	0.00372775	-0.00770363	0.00372775	-0.00565761	0.00268928	-0.00770363	-0.00770363	-0.00565761	0.00372775	-0.00770363	-0.00770363	-0.00770363	-0.00972088	-0.00666413	-0.00770363	-0.00770363	-0.00770363	-0.00770363	-0.00874191	-0.00770363	-0.00874191	-0.00770363	-0.00770363	-0.00770363	-0.00770363	-0.00770363	-0.00770363	-0.00868987	-0.00770363	-0.00770363	-0.00770363	-0.00770363	-0.00770363	-0.00562339	-0.00562339	-0.00562339	-0.00770363	-0.00770363	-0.00770363	-0.00770363	-0.00770363	-0.00770363	-0.00770363	-0.00770363	-0.00666413	-0.00666413	-0.00770363	0.0104094	-0.00770363	-0.00770363	-0.00666413	-0.0128838	-0.0622689	-0.0553537	-0.0789688	-0.0820599	-0.0695599	-0.0717234	-0.0830887	-0.0695599	-0.0665132	-0.0695599	-0.0823606	-0.0748349	-0.0834003	-0.0748349	-0.0748349	-0.0834003	-0.0748349	-0.0844385	-0.0753802	-0.0695729	-0.0695729	-0.0767953	-0.0554784	-0.0757224	-0.0871974	-0.0871974	-0.0695729	0.122728	-0.0130609	-0.0141981	-0.0675635
-0.0521097	-0.00404884	0.764343	0.784404	0.784404	1	0.773355	-0.134423	0.991557	-0.161017	0.784404	-0.245312	0.991557	-0.0107589	-0.243879	-0.0569931	0.773355	-0.245312	-0.245312	-0.0441687	-0.0441687	-0.166456	-0.165944	0.983148	-0.245312	-0.135692	-0.24072	-0.245312	-0.0553688	0.773355	-0.136276	0.773355	0.0489843	-0.245822	-0.245822	-0.245822	-0.245822	0.773355	-0.245312	-0.245312	0.773355	-0.245312	-0.245312	-0.245312	0.0475942	-0.245312	-0.245312	0.773355	-0.245312	0.0489843	-0.245312	-0.245312	0.0475942	0.0489843	-0.245312	-0.245312	0.0475942	-0.245312	-0.245312	-0.245312	0.773355	-0.244802	-0.131234	-0.130632	-0.14547	-0.14547	0.301855	-0.14547	-0.14547	-0.151153	-0.14547	-0.14547	-0.144944	0.0181119	0.309502	-0.144944	-0.144944	-0.144944	-0.144944	-0.144944	-0.154955	-0.1551	-0.146501	-0.138466	-0.0300321	-0.0377246	-0.147526	-0.152322	-0.145461	-0.151844	0.0602495	-0.129845	0.0698509	0.0802945	0.0698509	0.0802945	0.0480416	0.0480416	0.0480416	-0.127882	0.149464	0.0580045	-0.127243	-0.0563479	-0.0549763	-0.0839828	-0.0398142	-0.0496959	-0.047181	-0.0432073	-0.0324296	-0.0324296	-0.0324296	-0.0413906	-0.0337216	-0.0337216	-0.0324296	-0.0324296	-0.0413906	-0.0324296	-0.0390344	-0.0337216	-0.0413906	-0.0413906	-0.0390344	-0.0324296	-0.0413906	-0.0413906	-0.0413906	-0.0437169	-0.040095	-0.0413906	-0.0413906	-0.0413906	-0.0413906	-0.042685	-0.0413906	-0.042685	-0.0413906	-0.0413906	-0.0413906	-0.0413906	-0.0413906	-0.0413906	-0.0424309	-0.0413906	-0.0413906	-0.0413906	-0.0413906	-0.0413906	-0.0387983	-0.0387983	-0.0387983	-0.0413906	-0.0413906	-0.0413906	-0.0413906	-0.0413906	-0.0413906	-0.0413906	-0.0413906	-0.0501688	-0.0501688	-0.0413906	0.00653614	-0.0413906	-0.0413906	-0.0501688	-0.0578901	-0.0676098	-0.0586067	-0.0907785	-0.094717	-0.0832608	-0.0815418	-0.0960275	-0.0832608	-0.0748953	-0.0832608	-0.0930764	-0.0855092	-0.094408	-0.0855092	-0.0855092	-0.094408	-0.0855092	-0.0957374	-0.0794711	-0.067695	-0.067695	-0.0741074	-0.0497769	-0.0842747	-0.0800243	-0.0800243	-0.067695	0.11565	-0.0260987	-0.0275246	-0.00404884
-0.0406037	-0.0017242	0.963784	0.987231	0.987231	0.773355	1	-0.0921352	0.780001	-0.109955	0.987231	-0.201675	0.780001	-0.00715087	-0.20052	-0.0432968	0.97457	-0.201675	-0.201675	-0.0320729	-0.0320729	-0.114492	-0.114008	0.773355	-0.201675	-0.0931438	-0.204397	-0.201675	-0.0419888	0.97457	-0.0936818	0.97457	-0.101292	-0.202072	-0.202072	-0.202072	-0.202072	0.97457	-0.201675	-0.201675	0.97457	-0.201675	-0.201675	-0.201675	-0.101813	-0.201675	-0.201675	0.97457	-0.201675	-0.101292	-0.201675	-0.201675	-0.101813	-0.101292	-0.201675	-0.201675	-0.101813	-0.201675	-0.201675	-0.201675	0.97457	-0.201279	-0.112197	-0.111749	-0.120228	-0.120228	0.262594	-0.120228	-0.120228	-0.109413	-0.120228	-0.120228	-0.119825	-0.118276	0.262091	-0.119825	-0.119825	-0.119825	-0.119825	-0.119825	-0.112834	-0.119639	-0.0975938	-0.0986352	0.0535376	0.0541865	-0.105948	-0.102292	-0.104366	-0.109545	0.159498	-0.0758215	0.162985	0.172804	0.162985	0.172804	0.148663	0.148663	0.148663	-0.0741339	0.290524	0.157901	-0.0734858	-0.0176707	-0.016592	-0.0429729	0.00942542	-0.0127134	-0.0103744	-0.0137292	-0.00119682	-0.00119682	-0.00119682	-0.0125145	-0.00224574	-0.00224574	-0.00119682	-0.00119682	-0.0125145	-0.00119682	-0.0104768	-0.00224574	-0.0125145	-0.0125145	-0.0104768	-0.00119682	-0.0125145	-0.0125145	-0.0125145	-0.0145241	-0.0114645	-0.0125145	-0.0125145	-0.0125145	-0.0125145	-0.0135633	-0.0125145	-0.0135633	-0.0125145	-0.0125145	-0.0125145	-0.0125145	-0.0125145	-0.0125145	-0.0134825	-0.0125145	-0.0125145	-0.0125145	-0.0125145	-0.0125145	-0.0104134	-0.0104134	-0.0104134	-0.0125145	-0.0125145	-0.0125145	-0.0125145	-0.0125145	-0.0125145	-0.0125145	-0.0125145	-0.0114645	-0.0114645	-0.0125145	0.00544729	-0.0125145	-0.0125145	-0.0114645	-0.0177476	-0.066514	-0.0595865	-0.0828057	-0.0859288	-0.0730678	-0.0754871	-0.0869683	-0.0730678	-0.0702255	-0.0730678	-0.0857113	-0.0786297	-0.0867612	-0.0786297	-0.0786297	-0.0867612	-0.0786297	-0.0878097	-0.0789649	-0.0733585	-0.0733585	-0.0801521	-0.0584784	-0.0790692	-0.0911201	-0.0911201	-0.0733585	0.116191	-0.003435	-0.00460077	-0.0684373
-0.0338156	0.133322	-0.0735036	-0.086432	-0.086432	-0.134423	-0.0921352	1	-0.139125	0.924454	-0.086432	-0.605125	-0.139125	0.183168	-0.601621	0.503628	-0.0921352	-0.605125	-0.605125	0.625655	0.625655	0.912964	0.914556	-0.134423	-0.605125	0.997481	-0.604667	-0.605125	0.502209	-0.0808069	0.995003	-0.0808069	0.945734	-0.606353	-0.606353	-0.606353	-0.606353	-0.0808069	-0.605125	-0.605125	-0.0808069	-0.605125	-0.605125	-0.605125	0.943807	-0.605125	-0.605125	-0.0808069	-0.605125	0.945734	-0.605125	-0.605125	0.943807	0.945734	-0.605125	-0.605125	0.943807	-0.605125	-0.605125	-0.605125	-0.0808069	-0.603899	-0.399718	-0.398619	-0.380025	-0.380025	0.745725	-0.380025	-0.380025	0.904378	-0.380025	-0.380025	-0.378863	0.840273	0.744117	-0.378863	-0.378863	-0.378863	-0.378863	-0.378863	0.841759	0.755517	0.776367	0.773848	0.742574	0.731386	0.751188	0.749665	0.74475	0.737811	0.609041	0.700402	0.550112	0.54117	0.550112	0.54117	0.61852	0.61852	0.61852	0.683323	0.583222	0.609303	0.679202	0.524925	0.522252	0.533022	0.282409	0.139584	0.142364	0.251355	0.252311	0.252311	0.252311	0.2572	0.254432	0.254432	0.252311	0.252311	0.2572	0.252311	0.260035	0.248963	0.2572	0.2572	0.260035	0.252311	0.2572	0.2572	0.2572	0.248963	0.255073	0.2572	0.2572	0.2572	0.2572	0.253822	0.2572	0.253822	0.2572	0.2572	0.2572	0.2572	0.2572	0.2572	0.257784	0.2572	0.2572	0.2572	0.2572	0.2572	0.252946	0.252946	0.252946	0.2572	0.2572	0.2572	0.2572	0.2572	0.2572	0.2572	0.2572	0.255073	0.255073	0.2572	0.108402	0.2572	0.2572	0.260585	0.245875	0.231572	0.251434	0.183648	0.190397	0.175798	0.173729	0.192644	0.175798	0.156465	0.175798	0.179616	0.168746	0.175798	0.168746	0.168746	0.175798	0.168746	0.171993	0.0848174	0.0973104	0.0973104	0.104203	0.113542	0.101745	0.0563593	0.0563593	0.0793129	0.0149258	0.0513346	0.0537969	0.0590243
-0.0507409	-0.00277053	0.770911	0.791096	0.791096	0.991557	0.780001	-0.139125	1	-0.165196	0.791096	-0.247493	1	-0.0094667	-0.246066	-0.068501	0.780001	-0.247493	-0.247493	-0.0528991	-0.0528991	-0.170532	-0.170046	0.991557	-0.247493	-0.140384	-0.242826	-0.247493	-0.0669326	0.780001	-0.140936	0.780001	0.0459205	-0.247989	-0.247989	-0.247989	-0.247989	0.780001	-0.247493	-0.247493	0.780001	-0.247493	-0.247493	-0.247493	0.0445539	-0.247493	-0.247493	0.780001	-0.247493	0.0459205	-0.247493	-0.247493	0.0445539	0.0459205	-0.247493	-0.247493	0.0445539	-0.247493	-0.247493	-0.247493	0.780001	-0.246998	-0.126704	-0.126092	-0.141051	-0.141051	0.302442	-0.141051	-0.141051	-0.155209	-0.141051	-0.141051	-0.140514	0.015853	0.310151	-0.140514	-0.140514	-0.140514	-0.140514	-0.140514	-0.159445	-0.159026	-0.151031	-0.142929	-0.0333705	-0.0411118	-0.151879	-0.156788	-0.1498	-0.156092	0.0577994	-0.134328	0.0671853	0.0775075	0.0671853	0.0775075	0.0457192	0.0457192	0.0457192	-0.132406	0.148125	0.055571	-0.131799	-0.0606465	-0.0592838	-0.0874761	-0.0464077	-0.0585466	-0.0561662	-0.0496525	-0.0386961	-0.0386961	-0.0386961	-0.0477737	-0.0399726	-0.0399726	-0.0386961	-0.0386961	-0.0477737	-0.0386961	-0.0454884	-0.0399726	-0.0477737	-0.0477737	-0.0454884	-0.0386961	-0.0477737	-0.0477737	-0.0477737	-0.0500308	-0.046494	-0.0477737	-0.0477737	-0.0477737	-0.0477737	-0.0490524	-0.0477737	-0.0490524	-0.0477737	-0.0477737	-0.0477737	-0.0477737	-0.0477737	-0.0477737	-0.0487603	-0.0477737	-0.0477737	-0.0477737	-0.0477737	-0.0477737	-0.0452133	-0.0452133	-0.0452133	-0.0477737	-0.0477737	-0.0477737	-0.0477737	-0.0477737	-0.0477737	-0.0477737	-0.0477737	-0.0566312	-0.0566312	-0.0477737	-0.00113882	-0.0477737	-0.0477737	-0.0566312	-0.0642584	-0.0738779	-0.0651094	-0.0982826	-0.102162	-0.0915229	-0.089189	-0.103453	-0.0915229	-0.0826494	-0.0915229	-0.101434	-0.0930942	-0.10274	-0.0930942	-0.0930942	-0.10274	-0.0930942	-0.104045	-0.0876022	-0.0754462	-0.0754462	-0.0827722	-0.0602382	-0.0930401	-0.0872401	-0.0872401	-0.0754462	0.110681	-0.0340345	-0.0354361	-0.00277053
-0.0310899	0.107185	-0.10247	-0.115042	-0.115042	-0.161017	-0.109955	0.924454	-0.165196	1	-0.115042	-0.659749	-0.165196	0.168758	-0.655944	0.457425	-0.121001	-0.659749	-0.659749	0.563837	0.563837	0.985964	0.98821	-0.161017	-0.659749	0.921653	-0.660212	-0.659749	0.456411	-0.109955	0.924049	-0.109955	0.869958	-0.656826	-0.656826	-0.656826	-0.656826	-0.109955	-0.659749	-0.659749	-0.109955	-0.659749	-0.659749	-0.659749	0.872798	-0.659749	-0.659749	-0.109955	-0.659749	0.869958	-0.659749	-0.659749	0.872798	0.869958	-0.659749	-0.659749	0.872798	-0.659749	-0.659749	-0.659749	-0.109955	-0.658427	-0.439445	-0.438281	-0.409365	-0.409365	0.794386	-0.409365	-0.409365	0.907787	-0.409365	-0.409365	-0.408092	0.847095	0.792622	-0.408092	-0.408092	-0.408092	-0.408092	-0.408092	0.848812	0.774015	0.740374	0.73758	0.706345	0.70068	0.727859	0.722692	0.721932	0.713259	0.614714	0.676169	0.557419	0.551517	0.557419	0.551517	0.620653	0.620653	0.620653	0.660155	0.594645	0.614378	0.656442	0.499521	0.497279	0.504522	0.262047	0.13536	0.138892	0.244432	0.24004	0.24004	0.24004	0.24512	0.241761	0.241761	0.24004	0.24004	0.24512	0.24004	0.248552	0.236428	0.24512	0.24512	0.248552	0.24004	0.24512	0.24512	0.24512	0.236428	0.243394	0.24512	0.24512	0.24512	0.24512	0.241477	0.24512	0.241477	0.24512	0.24512	0.24512	0.24512	0.24512	0.24512	0.245376	0.24512	0.24512	0.24512	0.24512	0.24512	0.24167	0.24167	0.24167	0.24512	0.24512	0.24512	0.24512	0.24512	0.24512	0.24512	0.24512	0.243394	0.243394	0.24512	0.098146	0.24512	0.24512	0.24877	0.232337	0.228681	0.245572	0.174827	0.180301	0.170022	0.162016	0.182124	0.170022	0.147038	0.170022	0.174134	0.156054	0.170022	0.156054	0.156054	0.170022	0.156054	0.165924	0.0793553	0.0885239	0.0885239	0.103394	0.100902	0.101405	0.0421031	0.0421031	0.070975	-0.00752424	0.0609616	0.062957	0.078207
-0.0634338	-0.000134055	0.976303	1	1	0.784404	0.987231	-0.086432	0.791096	-0.115042	1	-0.194724	0.791096	-0.0055498	-0.19359	-0.0403481	0.987231	-0.194724	-0.194724	-0.0282746	-0.0282746	-0.119458	-0.119006	0.784404	-0.194724	-0.0874258	-0.197406	-0.194724	-0.0390485	0.987231	-0.0879777	0.987231	-0.0952884	-0.195125	-0.195125	-0.195125	-0.195125	0.987231	-0.194724	-0.194724	0.987231	-0.194724	-0.194724	-0.194724	-0.095823	-0.194724	-0.194724	0.987231	-0.194724	-0.0952884	-0.194724	-0.194724	-0.095823	-0.0952884	-0.194724	-0.194724	-0.095823	-0.194724	-0.194724	-0.194724	0.987231	-0.194323	-0.118177	-0.117768	-0.126473	-0.126473	0.263795	-0.126473	-0.126473	-0.103405	-0.126473	-0.126473	-0.126112	-0.111803	0.263305	-0.126112	-0.126112	-0.126112	-0.126112	-0.126112	-0.107251	-0.113465	-0.0914904	-0.0925155	0.0502263	0.0508818	-0.0997601	-0.0961388	-0.0982255	-0.103367	0.15772	-0.0693704	0.160904	0.170598	0.160904	0.170598	0.147021	0.147021	0.147021	-0.0676816	0.280036	0.156143	-0.0670152	-0.0101092	-0.00904935	-0.0359402	0.0142774	-0.00882706	-0.00647309	-0.00884886	0.00372775	0.00372775	0.00372775	-0.00770363	0.00268928	0.00268928	0.00372775	0.00372775	-0.00770363	0.00372775	-0.00565761	0.00268928	-0.00770363	-0.00770363	-0.00565761	0.00372775	-0.00770363	-0.00770363	-0.00770363	-0.00972088	-0.00666413	-0.00770363	-0.00770363	-0.00770363	-0.00770363	-0.00874191	-0.00770363	-0.00874191	-0.00770363	-0.00770363	-0.00770363	-0.00770363	-0.00770363	-0.00770363	-0.00868987	-0.00770363	-0.00770363	-0.00770363	-0.00770363	-0.00770363	-0.00562339	-0.00562339	-0.00562339	-0.00770363	-0.00770363	-0.00770363	-0.00770363	-0.00770363	-0.00770363	-0.00770363	-0.00770363	-0.00666413	-0.00666413	-0.00770363	0.0104094	-0.00770363	-0.00770363	-0.00666413	-0.0128838	-0.0622689	-0.0553537	-0.0789688	-0.0820599	-0.0695599	-0.0717234	-0.0830887	-0.0695599	-0.0665132	-0.0695599	-0.0823606	-0.0748349	-0.0834003	-0.0748349	-0.0748349	-0.0834003	-0.0748349	-0.0844385	-0.0753802	-0.0695729	-0.0695729	-0.0767953	-0.0554784	-0.0757224	-0.0871974	-0.0871974	-0.0695729	0.122728	-0.0130609	-0.0141981	-0.0675635
-0.0707717	-0.0525912	-0.194042	-0.194724	-0.194724	-0.245312	-0.201675	-0.605125	-0.247493	-0.659749	-0.194724	1	-0.247493	-0.135294	0.99812	-0.301438	-0.191876	1	1	-0.386826	-0.386826	-0.663946	-0.662687	-0.253289	1	-0.605039	0.994364	1	-0.302999	-0.201675	-0.606271	-0.201675	-0.642542	0.998122	0.998122	0.998122	0.998122	-0.201675	1	1	-0.201675	1	1	1	-0.64377	1	1	-0.201675	1	-0.642542	1	1	-0.64377	-0.642542	1	1	-0.64377	1	1	1	-0.201675	0.998114	0.191913	0.188094	0.197123	0.197123	-0.77909	0.197123	0.197123	-0.63378	0.197123	0.197123	0.193299	-0.691526	-0.779875	0.193299	0.193299	0.193299	0.193299	0.193299	-0.588198	-0.525242	-0.483746	-0.483689	-0.51157	-0.509031	-0.474017	-0.472177	-0.47163	-0.475479	-0.489619	-0.455493	-0.455324	-0.442858	-0.455324	-0.442858	-0.498383	-0.498383	-0.498383	-0.444563	-0.508	-0.485577	-0.438	-0.367659	-0.362979	-0.37043	-0.234436	-0.149555	-0.152251	-0.202938	-0.208761	-0.208761	-0.208761	-0.21052	-0.21299	-0.21299	-0.208761	-0.208761	-0.21052	-0.208761	-0.212836	-0.203527	-0.21052	-0.21052	-0.212836	-0.208761	-0.21052	-0.21052	-0.21052	-0.203527	-0.206264	-0.21052	-0.21052	-0.21052	-0.21052	-0.205248	-0.21052	-0.205248	-0.21052	-0.21052	-0.21052	-0.21052	-0.21052	-0.21052	-0.208761	-0.21052	-0.21052	-0.21052	-0.21052	-0.21052	-0.206777	-0.206777	-0.206777	-0.21052	-0.21052	-0.21052	-0.21052	-0.21052	-0.21052	-0.21052	-0.21052	-0.206264	-0.206264	-0.21052	-0.172685	-0.21052	-0.21052	-0.211033	-0.184247	-0.160972	-0.186569	-0.120329	-0.123828	-0.129779	-0.118941	-0.123313	-0.129779	-0.106267	-0.129779	-0.130382	-0.112265	-0.129779	-0.112265	-0.112265	-0.129779	-0.112265	-0.129179	-0.0591157	-0.065183	-0.065183	-0.077765	-0.0985966	-0.0728541	-0.000649502	-0.000649502	-0.0340462	-0.0273444	-0.0933925	-0.0981181	-0.0782991
-0.0507409	-0.00277053	0.770911	0.791096	0.791096	0.991557	0.780001	-0.139125	1	-0.165196	0.791096	-0.247493	1	-0.0094667	-0.246066	-0.068501	0.780001	-0.247493	-0.247493	-0.0528991	-0.0528991	-0.170532	-0.170046	0.991557	-0.247493	-0.140384	-0.242826	-0.247493	-0.0669326	0.780001	-0.140936	0.780001	0.0459205	-0.247989	-0.247989	-0.247989	-0.247989	0.780001	-0.247493	-0.247493	0.780001	-0.247493	-0.247493	-0.247493	0.0445539	-0.247493	-0.247493	0.780001	-0.247493	0.0459205	-0.247493	-0.247493	0.0445539	0.0459205	-0.247493	-0.247493	0.0445539	-0.247493	-0.247493	-0.247493	0.780001	-0.246998	-0.126704	-0.126092	-0.141051	-0.141051	0.302442	-0.141051	-0.141051	-0.155209	-0.141051	-0.141051	-0.140514	0.015853	0.310151	-0.140514	-0.140514	-0.140514	-0.140514	-0.140514	-0.159445	-0.159026	-0.151031	-0.142929	-0.0333705	-0.0411118	-0.151879	-0.156788	-0.1498	-0.156092	0.0577994	-0.134328	0.0671853	0.0775075	0.0671853	0.0775075	0.0457192	0.0457192	0.0457192	-0.132406	0.148125	0.055571	-0.131799	-0.0606465	-0.0592838	-0.0874761	-0.0464077	-0.0585466	-0.0561662	-0.0496525	-0.0386961	-0.0386961	-0.0386961	-0.0477737	-0.0399726	-0.0399726	-0.0386961	-0.0386961	-0.0477737	-0.0386961	-0.0454884	-0.0399726	-0.0477737	-0.0477737	-0.0454884	-0.0386961	-0.0477737	-0.0477737	-0.0477737	-0.0500308	-0.046494	-0.0477737	-0.0477737	-0.0477737	-0.0477737	-0.0490524	-0.0477737	-0.0490524	-0.0477737	-0.0477737	-0.0477737	-0.0477737	-0.0477737	-0.0477737	-0.0487603	-0.0477737	-0.0477737	-0.0477737	-0.0477737	-0.0477737	-0.0452133	-0.0452133	-0.0452133	-0.0477737	-0.0477737	-0.0477737	-0.0477737	-0.0477737	-0.0477737	-0.0477737	-0.0477737	-0.0566312	-0.0566312	-0.0477737	-0.00113882	-0.0477737	-0.0477737	-0.0566312	-0.0642584	-0.0738779	-0.0651094	-0.0982826	-0.102162	-0.0915229	-0.089189	-0.103453	-0.0915229	-0.0826494	-0.0915229	-0.101434	-0.0930942	-0.10274	-0.0930942	-0.0930942	-0.10274	-0.0930942	-0.104045	-0.0876022	-0.0754462	-0.0754462	-0.0827722	-0.0602382	-0.0930401	-0.0872401	-0.0872401	-0.0754462	0.110681	-0.0340345	-0.0354361	-0.00277053
0.23796	0.495377	-0.0085103	-0.0055498	-0.0055498	-0.0107589	-0.00715087	0.183168	-0.0094667	0.168758	-0.0055498	-0.135294	-0.0094667	1	-0.134442	0.468357	-0.00715087	-0.135294	-0.135294	0.357013	0.357013	0.176641	0.16419	0.0153847	-0.135294	0.182507	-0.137354	-0.135294	0.471084	0.0249642	0.180935	0.0249642	0.177334	-0.135638	-0.135638	-0.135638	-0.135638	0.0249642	-0.135294	-0.135294	0.0249642	-0.135294	-0.135294	-0.135294	0.175864	-0.135294	-0.135294	0.0249642	-0.135294	0.177334	-0.135294	-0.135294	0.175864	0.177334	-0.135294	-0.135294	0.175864	-0.135294	-0.135294	-0.135294	0.0249642	-0.134951	-0.0724443	-0.0720406	-0.0696858	-0.0696858	0.1556	-0.0696858	-0.0696858	0.179549	-0.0696858	-0.0696858	-0.0692717	0.161776	0.155153	-0.0692717	-0.0692717	-0.0692717	-0.0692717	-0.0692717	0.19656	0.187623	0.202632	0.202005	0.210948	0.210487	0.195007	0.19848	0.194623	0.203318	0.155054	0.176399	0.165971	0.174035	0.165971	0.174035	0.146462	0.146462	0.146462	0.16387	0.158791	0.153894	0.16543	0.189625	0.190308	0.16065	0.238535	0.287664	0.274626	0.247451	0.258521	0.258521	0.258521	0.261038	0.257564	0.257564	0.258521	0.258521	0.261038	0.258521	0.248856	0.257564	0.261038	0.261038	0.248856	0.258521	0.261038	0.261038	0.261038	0.257564	0.246383	0.261038	0.261038	0.261038	0.261038	0.260069	0.261038	0.260069	0.261038	0.261038	0.261038	0.261038	0.261038	0.261038	0.258521	0.261038	0.261038	0.261038	0.261038	0.261038	0.262989	0.262989	0.262989	0.261038	0.261038	0.261038	0.261038	0.261038	0.261038	0.261038	0.261038	0.262011	0.262011	0.261038	0.237195	0.261038	0.261038	0.262011	0.240665	0.203789	0.199239	0.211525	0.208354	0.223713	0.219108	0.207307	0.223713	0.224693	0.223713	0.224924	0.215826	0.223713	0.215826	0.215826	0.223713	0.215826	0.22251	0.236669	0.225592	0.225592	0.221175	0.285701	0.222465	0.186694	0.186694	0.191577	0.166747	0.242242	0.241007	0.579628
-0.069863	-0.0518958	-0.192909	-0.19359	-0.19359	-0.243879	-0.20052	-0.601621	-0.246066	-0.655944	-0.19359	0.99812	-0.246066	-0.134442	1	-0.299662	-0.20052	0.99812	0.99812	-0.384638	-0.384638	-0.660111	-0.658851	-0.251843	0.99812	-0.601526	0.992515	0.99812	-0.30123	-0.20052	-0.602759	-0.20052	-0.638827	0.996253	0.996253	0.996253	0.996253	-0.20052	0.99812	0.99812	-0.20052	0.99812	0.99812	0.99812	-0.640057	0.99812	0.99812	-0.20052	0.99812	-0.638827	0.99812	0.99812	-0.640057	-0.638827	0.99812	0.99812	-0.640057	0.99812	0.99812	0.99812	-0.20052	0.996229	0.189793	0.185962	0.194926	0.194926	-0.774552	0.194926	0.194926	-0.630044	0.194926	0.194926	0.19109	-0.687485	-0.775324	0.19109	0.19109	0.19109	0.19109	0.19109	-0.584682	-0.521573	-0.48026	-0.480192	-0.50794	-0.50543	-0.470479	-0.46867	-0.468121	-0.476275	-0.490174	-0.456495	-0.456063	-0.443704	-0.456063	-0.443704	-0.498828	-0.498828	-0.498828	-0.445607	-0.508268	-0.486124	-0.439072	-0.36893	-0.364266	-0.371238	-0.237045	-0.153328	-0.156091	-0.205517	-0.211278	-0.211278	-0.211278	-0.213063	-0.21549	-0.21549	-0.211278	-0.211278	-0.213063	-0.211278	-0.215416	-0.206042	-0.213063	-0.213063	-0.215416	-0.211278	-0.213063	-0.213063	-0.213063	-0.206042	-0.208825	-0.213063	-0.213063	-0.213063	-0.213063	-0.207788	-0.213063	-0.207788	-0.213063	-0.213063	-0.213063	-0.213063	-0.213063	-0.213063	-0.211278	-0.213063	-0.213063	-0.213063	-0.213063	-0.213063	-0.209349	-0.209349	-0.209349	-0.213063	-0.213063	-0.213063	-0.213063	-0.213063	-0.213063	-0.213063	-0.213063	-0.208825	-0.208825	-0.213063	-0.170545	-0.213063	-0.213063	-0.213587	-0.186776	-0.163461	-0.189155	-0.123395	-0.12685	-0.133208	-0.122104	-0.126322	-0.133208	-0.10952	-0.133208	-0.133826	-0.115398	-0.133208	-0.115398	-0.115398	-0.133208	-0.115398	-0.132594	-0.0626064	-0.0685204	-0.0685204	-0.0814927	-0.103207	-0.0766068	-0.00881927	-0.00881927	-0.0374328	-0.0346648	-0.102171	-0.106866	-0.077563
0.13678	0.383907	-0.0122654	-0.0403481	-0.0403481	-0.0569931	-0.0432968	0.503628	-0.068501	0.457425	-0.0403481	-0.301438	-0.068501	0.468357	-0.299662	1	-0.0432968	-0.301438	-0.301438	0.814496	0.814496	0.451553	0.447468	-0.0569931	-0.301438	0.502341	-0.305654	-0.301438	0.994324	-0.026309	0.498543	-0.026309	0.475757	-0.30208	-0.30208	-0.30208	-0.30208	-0.026309	-0.301438	-0.301438	-0.026309	-0.301438	-0.301438	-0.301438	0.472284	-0.301438	-0.301438	-0.026309	-0.301438	0.475757	-0.301438	-0.301438	0.472284	0.475757	-0.301438	-0.301438	0.472284	-0.301438	-0.301438	-0.301438	-0.026309	-0.300797	-0.211047	-0.21052	-0.206284	-0.206284	0.365817	-0.206284	-0.206284	0.44985	-0.206284	-0.206284	-0.205751	0.412136	0.364976	-0.205751	-0.205751	-0.205751	-0.205751	-0.205751	0.352921	0.313999	0.31727	0.315938	0.31658	0.316275	0.302184	0.29371	0.286769	0.291169	0.164606	0.213244	0.187329	0.164587	0.187329	0.164587	0.192215	0.192215	0.192215	0.19377	0.1787	0.169333	0.188407	0.271603	0.273071	0.286015	0.409202	0.494213	0.494304	0.378074	0.371281	0.371281	0.371281	0.375379	0.369427	0.369427	0.371281	0.371281	0.375379	0.371281	0.373134	0.369427	0.375379	0.375379	0.373134	0.371281	0.375379	0.375379	0.375379	0.369427	0.368994	0.375379	0.375379	0.375379	0.375379	0.373505	0.375379	0.373505	0.375379	0.375379	0.375379	0.375379	0.375379	0.375379	0.379488	0.375379	0.375379	0.375379	0.375379	0.375379	0.370878	0.370878	0.370878	0.375379	0.375379	0.375379	0.375379	0.375379	0.375379	0.375379	0.375379	0.377261	0.377261	0.375379	0.18117	0.375379	0.375379	0.377261	0.349601	0.291493	0.294658	0.345946	0.339736	0.356628	0.343078	0.337683	0.356628	0.353859	0.356628	0.358952	0.336728	0.356628	0.336728	0.336728	0.356628	0.336728	0.354316	0.329423	0.309485	0.309485	0.327553	0.400625	0.329976	0.277279	0.277279	0.282497	0.236547	0.349791	0.34748	0.227925
-0.0648311	-0.0017242	0.963784	0.987231	0.987231	0.773355	0.97457	-0.0921352	0.780001	-0.121001	0.987231	-0.191876	0.780001	-0.00715087	-0.20052	-0.0432968	1	-0.191876	-0.191876	-0.0320729	-0.0320729	-0.12543	-0.12499	0.773355	-0.191876	-0.0931438	-0.194588	-0.191876	-0.0419888	0.97457	-0.0936818	0.97457	-0.101292	-0.192294	-0.192294	-0.192294	-0.192294	0.97457	-0.191876	-0.191876	0.97457	-0.191876	-0.191876	-0.191876	-0.101813	-0.191876	-0.191876	0.97457	-0.191876	-0.101292	-0.191876	-0.191876	-0.101813	-0.101292	-0.191876	-0.191876	-0.101813	-0.191876	-0.191876	-0.191876	0.97457	-0.191458	-0.112197	-0.111749	-0.120228	-0.120228	0.252398	-0.120228	-0.120228	-0.109413	-0.120228	-0.120228	-0.119825	-0.118276	0.251881	-0.119825	-0.119825	-0.119825	-0.119825	-0.119825	-0.112834	-0.119639	-0.0975938	-0.0986352	0.0423589	0.0430707	-0.105948	-0.102292	-0.104366	-0.0982488	0.159498	-0.0641584	0.162985	0.172804	0.162985	0.172804	0.148663	0.148663	0.148663	-0.0624224	0.279843	0.157901	-0.0617178	-0.00518704	-0.00411699	-0.031939	0.021869	0.00168939	0.00420194	-0.00121872	0.0110889	0.0110889	0.0110889	-0.000147519	0.0100326	0.0100326	0.0110889	0.0110889	-0.000147519	0.0110889	0.00198142	0.0100326	-0.000147519	-0.000147519	0.00198142	0.0110889	-0.000147519	-0.000147519	-0.000147519	-0.00224574	0.000910275	-0.000147519	-0.000147519	-0.000147519	-0.000147519	-0.00120399	-0.000147519	-0.00120399	-0.000147519	-0.000147519	-0.000147519	-0.000147519	-0.000147519	-0.000147519	-0.00119682	-0.000147519	-0.000147519	-0.000147519	-0.000147519	-0.000147519	0.00196944	0.00196944	0.00196944	-0.000147519	-0.000147519	-0.000147519	-0.000147519	-0.000147519	-0.000147519	-0.000147519	-0.000147519	0.000910275	0.000910275	-0.000147519	0.00544729	-0.000147519	-0.000147519	0.000910275	-0.00541743	-0.0544749	-0.0472776	-0.0696665	-0.0728272	-0.0593744	-0.0622525	-0.0738788	-0.0593744	-0.056916	-0.0593744	-0.0719986	-0.0654373	-0.0730678	-0.0654373	-0.0654373	-0.0730678	-0.0654373	-0.0741353	-0.0652638	-0.0598916	-0.0598916	-0.0659711	-0.0425009	-0.0648649	-0.0650339	-0.0650339	-0.0598916	0.140563	0.0102777	0.00909264	-0.0684373
-0.0707717	-0.0525912	-0.194042	-0.194724	-0.194724	-0.245312	-0.201675	-0.605125	-0.247493	-0.659749	-0.194724	1	-0.247493	-0.135294	0.99812	-0.301438	-0.191876	1	1	-0.386826	-0.386826	-0.663946	-0.662687	-0.253289	1	-0.605039	0.994364	1	-0.302999	-0.201675	-0.606271	-0.201675	-0.642542	0.998122	0.998122	0.998122	0.998122	-0.201675	1	1	-0.201675	1	1	1	-0.64377	1	1	-0.201675	1	-0.642542	1	1	-0.64377	-0.642542	1	1	-0.64377	1	1	1	-0.201675	0.998114	0.191913	0.188094	0.197123	0.197123	-0.77909	0.197123	0.197123	-0.63378	0.197123	0.197123	0.193299	-0.691526	-0.779875	0.193299	0.193299	0.193299	0.193299	0.193299	-0.588198	-0.525242	-0.483746	-0.483689	-0.51157	-0.509031	-0.474017	-0.472177	-0.47163	-0.475479	-0.489619	-0.455493	-0.455324	-0.442858	-0.455324	-0.442858	-0.498383	-0.498383	-0.498383	-0.444563	-0.508	-0.485577	-0.438	-0.367659	-0.362979	-0.37043	-0.234436	-0.149555	-0.152251	-0.202938	-0.208761	-0.208761	-0.208761	-0.21052	-0.21299	-0.21299	-0.208761	-0.208761	-0.21052	-0.208761	-0.212836	-0.203527	-0.21052	-0.21052	-0.212836	-0.208761	-0.21052	-0.21052	-0.21052	-0.203527	-0.206264	-0.21052	-0.21052	-0.21052	-0.21052	-0.205248	-0.21052	-0.205248	-0.21052	-0.21052	-0.21052	-0.21052	-0.21052	-0.21052	-0.208761	-0.21052	-0.21052	-0.21052	-0.21052	-0.21052	-0.206777	-0.206777	-0.206777	-0.21052	-0.21052	-0.21052	-0.21052	-0.21052	-0.21052	-0.21052	-0.21052	-0.206264	-0.206264	-0.21052	-0.172685	-0.21052	-0.21052	-0.211033	-0.184247	-0.160972	-0.186569	-0.120329	-0.123828	-0.129779	-0.118941	-0.123313	-0.129779	-0.106267	-0.129779	-0.130382	-0.112265	-0.129779	-0.112265	-0.112265	-0.129779	-0.112265	-0.129179	-0.0591157	-0.065183	-0.065183	-0.077765	-0.0985966	-0.0728541	-0.000649502	-0.000649502	-0.0340462	-0.0273444	-0.0933925	-0.0981181	-0.0782991
-0.0707717	-0.0525912	-0.194042	-0.194724	-0.194724	-0.245312	-0.201675	-0.605125	-0.247493	-0.659749	-0.194724	1	-0.247493	-0.135294	0.99812	-0.301438	-0.191876	1	1	-0.386826	-0.386826	-0.663946	-0.662687	-0.253289	1	-0.605039	0.994364	1	-0.302999	-0.201675	-0.606271	-0.201675	-0.642542	0.998122	0.998122	0.998122	0.998122	-0.201675	1	1	-0.201675	1	1	1	-0.64377	1	1	-0.201675	1	-0.642542	1	1	-0.64377	-0.642542	1	1	-0.64377	1	1	1	-0.201675	0.998114	0.191913	0.188094	0.197123	0.197123	-0.77909	0.197123	0.197123	-0.63378	0.197123	0.197123	0.193299	-0.691526	-0.779875	0.193299	0.193299	0.193299	0.193299	0.193299	-0.588198	-0.525242	-0.483746	-0.483689	-0.51157	-0.509031	-0.474017	-0.472177	-0.47163	-0.475479	-0.489619	-0.455493	-0.455324	-0.442858	-0.455324	-0.442858	-0.498383	-0.498383	-0.498383	-0.444563	-0.508	-0.485577	-0.438	-0.367659	-0.362979	-0.37043	-0.234436	-0.149555	-0.152251	-0.202938	-0.208761	-0.208761	-0.208761	-0.21052	-0.21299	-0.21299	-0.208761	-0.208761	-0.21052	-0.208761	-0.212836	-0.203527	-0.21052	-0.21052	-0.212836	-0.208761	-0.21052	-0.21052	-0.21052	-0.203527	-0.206264	-0.21052	-0.21052	-0.21052	-0.21052	-0.205248	-0.21052	-0.205248	-0.21052	-0.21052	-0.21052	-0.21052	-0.21052	-0.21052	-0.208761	-0.21052	-0.21052	-0.21052	-0.21052	-0.21052	-0.206777	-0.206777	-0.206777	-0.21052	-0.21052	-0.21052	-0.21052	-0.21052	-0.21052	-0.21052	-0.21052	-0.206264	-0.206264	-0.21052	-0.172685	-0.21052	-0.21052	-0.211033	-0.184247	-0.160972	-0.186569	-0.120329	-0.123828	-0.129779	-0.118941	-0.123313	-0.129779	-0.106267	-0.129779	-0.130382	-0.112265	-0.129779	-0.112265	-0.112265	-0.129779	-0.112265	-0.129179	-0.0591157	-0.065183	-0.065183	-0.077765	-0.0985966	-0.0728541	-0.000649502	-0.000649502	-0.0340462	-0.0273444	-0.0933925	-0.0981181	-0.0782991
